[[[22 27]
  [34 37]
  [14 45]]

 [[32 24]
  [18 18]
  [32  6]]

 [[18 18]
  [32 24]
  [22 27]]

 [[15 26]
  [22 27]
  [14 45]]

 [[15 26]
  [18 18]
  [22 27]]

 [[57 47]
  [55 40]
  [67 18]]

 [[38 13]
  [32 24]
  [32  6]]

 [[34 37]
  [34 34]
  [37 37]]

 [[34 34]
  [34 37]
  [22 27]]

 [[32 24]
  [34 34]
  [22 27]]

 [[25 52]
  [47 48]
  [57 47]]

 [[39 42]
  [34 37]
  [37 37]]

 [[59 14]
  [54 31]
  [50 12]]

 [[34 34]
  [54 31]
  [37 37]]

 [[54 31]
  [34 34]
  [32 24]]

 [[54 31]
  [38 13]
  [50 12]]

 [[38 13]
  [54 31]
  [32 24]]

 [[54 31]
  [59 14]
  [67 18]]

 [[55 40]
  [54 31]
  [67 18]]

 [[44  9]
  [38 13]
  [32  6]]

 [[38 13]
  [44  9]
  [50 12]]

 [[44  9]
  [59 14]
  [50 12]]

 [[39 42]
  [28 49]
  [34 37]]

 [[34 37]
  [28 49]
  [14 45]]

 [[28 49]
  [39 42]
  [47 48]]

 [[44 40]
  [39 42]
  [37 37]]

 [[54 31]
  [44 40]
  [37 37]]

 [[39 42]
  [44 40]
  [47 48]]

 [[26 51]
  [16 50]
  [14 45]]

 [[28 49]
  [26 51]
  [14 45]]

 [[16 50]
  [26 51]
  [25 52]]

 [[26 51]
  [47 48]
  [25 52]]

 [[26 51]
  [28 49]
  [47 48]]

 [[53 40]
  [54 31]
  [55 40]]

 [[53 40]
  [44 40]
  [54 31]]

 [[44 40]
  [53 40]
  [47 48]]

 [[53 40]
  [55 40]
  [57 47]]

 [[47 48]
  [53 40]
  [57 47]]]